0.0 0
0.775 3
0.725 3
0.65 3
0.55 4
0.3 4
0.3 4
0.0 0
0.0 0
0.0 0
0.0 0
0.905 2
0.761875 3
0.724375 3
0.624375 3
0.50875 4
0.49624999999999997 4
0.395 4
0.355 4
0.27 4
0.24 4
0.9439 1
0.78128125 2
0.750515625 3
0.6636875 3
0.5753281250000001 3
0.5152812499999999 4
0.47234375 4
0.40240624999999997 4
0.35800000000000004 4
0.32337499999999997 4
0.958682 1
0.79834609375 2
0.761973359375 3
0.679825 3
0.6280281249999999 3
0.527021875 3
0.496321484375 3
0.43868671875 3
0.38688671875 4
0.3440953125 4
0.9642991599999999 1
0.80670291015625 2
0.7670553472656251 3
0.687009375 3
0.651383591796875 3
0.54737267578125 3
0.518290283203125 3
0.45920152343750004 3
0.418010830078125 3
0.35688142578125 3
0.9664336808 1
0.8102282163085938 2
0.7743837056054688 2
0.6901986142578125 3
0.6613738913476561 3
0.5577291142578125 3
0.5291477752929687 3
0.4699576982421875 3
0.44105913085937504 3
0.37436881982421877 3
0.8696662902832031 2
0.8555777740457031 2
0.7472968746520996 3
0.7377607771261034 3
0.5678876830810546 1
0.5394042611660155 1
0.4557011017089843 1
0.4303008219140625 1
0.3815847017578125 1
0.35407922028808597 1
0.9304731903076171 1
0.8554687123841407 2
0.7603178874073792 3
0.7303831693548424 0
0.6061832618797303 3
0.5931233005339084 3
0.5112997574801635 3
0.4997627966839502 3
0.3965803324520874 3
0.3755330643145751 3
0.9535798123168945 1
0.8469140252602992 0
0.7650036145647545 3
0.723079337661294 0
0.6382601856328354 3
0.5954944090297598 3
0.52246373168124 3
0.5036588637393675 3
0.4176864329198227 3
0.40610671357039585 3
0.9623603286804199 1
0.8384448850076962 0
0.7679187653960908 3
0.715848544284681 0
0.6545336970014966 3
0.5911975849110251 3
0.5290886878486184 3
0.5015566968643854 3
0.43731651689561035 3
0.41191097283155415 3
0.9656969248985595 1
0.8300604361576193 0
0.775303004402021 2
0.7086900588418342 0
0.6622746020520704 3
0.5858710225989663 3
0.5333963739761616 3
0.49767804475616617 3
0.4492895496901942 3
0.41129224038052814 3
0.9669648314614526 1
0.8217598317960431 0
0.7808325017619457 2
0.7016031582534159 0
0.6662607436259771 3
0.5802309329130638 3
0.5387948491291736 3
0.49315688118929724 3
0.45589025242440145 3
0.4086198183854354 3
0.8702038041330744 2
0.8570455087624336 2
0.7486854342468884 3
0.7388977335104644 3
0.5834389571468384 1
0.5490699107370063 1
0.48208327980918586 1
0.44398844759462 1
0.40945597306956816 1
0.37402514344349624 1
0.9306774455705682 1
0.855812054701998 2
0.7606595246498042 3
0.7315087561753597 0
0.6084164153123184 3
0.5951895871073851 3
0.5166864750953878 3
0.5027134416362853 3
0.4106568007782095 3
0.38409835349770216 3
0.9536574293168159 1
0.847253934154978 0
0.7651375316679022 3
0.7241936686136061 0
0.6390518377971646 3
0.5962830992172156 3
0.5243813492951143 3
0.5051887241426404 3
0.4222878699783362 3
0.40920333987528035 3
0.375 0
0.0 0
0.0 0
0.0 0
0.0 0
0.0 0
0.0 0
0.0 0
0.0 0
0.0 0
0.515625 0
0.290625 0
0.271875 0
0.24375000000000002 0
0.20625000000000002 0
0.11249999999999999 0
0.11249999999999999 0
0.0 0
0.0 0
0.0 0
0.568359375 0
0.448359375 0
0.38765625 0
0.363046875 0
0.311484375 0
0.23296875 0
0.22828125 0
0.148125 0
0.133125 0
0.10125 0
0.588134765625 0
0.522097265625 0
0.43835156249999996 0
0.41758593749999995 0
0.365689453125 0
0.3031113281250001 0
0.27883593749999996 0
0.23267578125 0
0.20082421875 0
0.17221875 0
0.595550537109375 0
0.555292224609375 0
0.46376162109374997 0
0.4423347363281249 0
0.392067919921875 0
0.349177294921875 0
0.30219667968749997 0
0.27337397460937496 0
0.23981660156249998 0
0.20966455078125001 0
0.5983314514160156 0
0.5698467692285156 0
0.47642419921874996 0
0.45352128134765624 0
0.4046539855957031 0
0.37521033251953123 0
0.3185885083007812 0
0.2968740966796875 0
0.262131796875 0
0.23537826782226562 0
0.7374126303 1
0.5282098753967286 0
0.5040864280627442 0
0.43748355505371095 0
0.4180856897607421 0
0.3608936624450684 0
0.33913429042968746 0
0.29570482745361326 0
0.27672496032714844 0
0.23868773126220705 0
0.6515297363625 0
0.5242035621299743 0
0.5098740757906677 0
0.44429266113967897 0
0.43344242508256703 0
0.3482930045722961 0
0.32945195684838857 0
0.2817772234359741 0
0.26513466834045407 0
0.23260216238250733 0
0.6193236511359375 0
0.5455037821640968 0
0.5120035455655532 0
0.4517289557051468 0
0.4364345979140285 0
0.35792859991950987 0
0.34596572151836136 0
0.2974038678435516 0
0.2868365493841516 0
0.23594343556297304 0
0.6072463691759765 0
0.5621563479303717 0
0.5095940890596946 0
0.456274713851213 0
0.43481772584074596 0
0.3735707945821295 0
0.35304754895554546 0
0.30745034982179686 0
0.29643577992131964 0
0.2451112006810484 0
0.6027173884409912 0
0.5716937537290468 0
0.5055146152752715 0
0.45907255471773895 0
0.4314998512970351 0
0.3855391843438598 0
0.35409192519996396 0
0.31370213912640577 0
0.2992471787946394 0
0.25591039409124705 0
0.6010190206653717 0
0.5765215044853524 0
0.5008406442873341 0
0.46289083466991 0
0.42757121630207595 0
0.39293016989847385 0
0.35248610542459885 0
0.31766194241346274 0
0.2988469588315521 0
0.26444997891804045 0
0.7376118117980448 1
0.5335420696730306 0
0.5090077523427368 0
0.45091642595278125 0
0.42343184186095767 0
0.3779258059556774 0
0.3493968821353678 0
0.31711611998021105 0
0.2900820730641991 0
0.2653000414563703 0
0.6516044294242668 0
0.5264047026772893 0
0.5122699729144389 0
0.4498506975748761 0
0.4358735907642832 0
0.36051178616344337 0
0.33692504732714024 0
0.29969977492102384 0
0.27527644524705713 0
0.2530335054472269 0
0.6193516610341001 0
0.5464058055929466 0
0.5130307603561638 0
0.4539413333342551 0
0.43776838010236613 0
0.36334807555341064 0
0.349542987912947 0
0.30614484375615436 0
0.2917462075812534 0
0.24888386483453867 0
0.0 0
