1510 4 0.40920333987528035
1509 4 0.4222878699783362
1508 4 0.5051887241426404
1507 4 0.5243813492951143
1506 4 0.5962830992172156
1505 4 0.6390518377971646
1504 0 0.7241936686136061
1503 4 0.7651375316679022
1502 0 0.847253934154978
1501 1 0.9536574293168159
1410 4 0.38409835349770216
1409 4 0.4106568007782095
1408 4 0.5027134416362853
1407 4 0.5166864750953878
1406 4 0.5951895871073851
1405 4 0.6084164153123184
1404 0 0.7315087561753597
1403 4 0.7606595246498042
1402 2 0.855812054701998
1401 1 0.9306774455705682
1310 1 0.37402514344349624
1309 1 0.40945597306956816
1308 1 0.44398844759462
1307 1 0.48208327980918586
1306 1 0.5490699107370063
1305 1 0.5834389571468384
1304 4 0.7388977335104644
1303 4 0.7486854342468884
1302 2 0.8570455087624336
1301 2 0.8702038041330744
1210 4 0.4086198183854354
1209 4 0.45589025242440145
1208 4 0.49315688118929724
1207 4 0.5387948491291736
1206 4 0.5802309329130638
1205 4 0.6662607436259771
1204 0 0.7016031582534159
1203 2 0.7808325017619457
1202 0 0.8217598317960431
1201 1 0.9669648314614526
1110 4 0.41129224038052814
1109 4 0.4492895496901942
1108 4 0.49767804475616617
1107 4 0.5333963739761616
1106 4 0.5858710225989663
1105 4 0.6622746020520704
1104 0 0.7086900588418342
1103 2 0.775303004402021
1102 0 0.8300604361576193
1101 1 0.9656969248985595
1010 4 0.41191097283155415
1009 4 0.43731651689561035
1008 4 0.5015566968643854
1007 4 0.5290886878486184
1006 4 0.5911975849110251
1005 4 0.6545336970014966
1004 0 0.715848544284681
1003 4 0.7679187653960908
1002 0 0.8384448850076962
1001 1 0.9623603286804199
0910 4 0.40610671357039585
0909 4 0.4176864329198227
0908 4 0.5036588637393675
0907 4 0.52246373168124
0906 4 0.5954944090297598
0905 4 0.6382601856328354
0904 0 0.723079337661294
0903 4 0.7650036145647545
0902 0 0.8469140252602992
0901 1 0.9535798123168945
0810 4 0.3755330643145751
0809 4 0.3965803324520874
0808 4 0.4997627966839502
0807 4 0.5112997574801635
0806 4 0.5931233005339084
0805 4 0.6061832618797303
0804 0 0.7303831693548424
0803 4 0.7603178874073792
0802 2 0.8554687123841407
0801 1 0.9304731903076171
0710 1 0.35407922028808597
0709 1 0.3815847017578125
0708 1 0.4303008219140625
0707 1 0.4557011017089843
0706 1 0.5394042611660155
0705 1 0.5678876830810546
0704 4 0.7377607771261034
0703 4 0.7472968746520996
0702 2 0.8555777740457031
0701 2 0.8696662902832031
0610 4 0.37436881982421877
0609 4 0.44105913085937504
0608 4 0.4699576982421875
0607 4 0.5291477752929687
0606 4 0.5577291142578125
0605 4 0.6613738913476561
0604 4 0.6901986142578125
0603 2 0.7743837056054688
0602 2 0.8102282163085938
0601 1 0.9664336808
0510 4 0.35688142578125
0509 4 0.418010830078125
0508 4 0.45920152343750004
0507 4 0.518290283203125
0506 4 0.54737267578125
0505 4 0.651383591796875
0504 4 0.687009375
0503 4 0.7670553472656251
0502 2 0.80670291015625
0501 1 0.9642991599999999
0410 6 0.3440953125
0409 6 0.38688671875
0408 4 0.43868671875
0407 4 0.496321484375
0406 4 0.527021875
0405 4 0.6280281249999999
0404 4 0.679825
0403 4 0.761973359375
0402 2 0.79834609375
0401 1 0.958682
0310 6 0.32337499999999997
0309 6 0.35800000000000004
0308 6 0.40240624999999997
0307 6 0.47234375
0306 6 0.5152812499999999
0305 4 0.5753281250000001
0304 4 0.6636875
0303 4 0.750515625
0302 2 0.78128125
0301 1 0.9439
0210 6 0.24
0209 6 0.27
0208 6 0.355
0207 6 0.395
0206 6 0.49624999999999997
0205 6 0.50875
0204 4 0.624375
0203 4 0.724375
0202 4 0.761875
0201 2 0.905
0110 0 0.0
0109 0 0.0
0108 0 0.0
0107 0 0.0
0106 6 0.3
0105 6 0.3
0104 6 0.55
0103 4 0.65
0102 4 0.725
0101 4 0.775
